9.980000
9.790000
9.600000
9.640000
9.230000
9.930000
9.410000
9.900000
8.850000
9.050000
8.350000
8.770000
8.900000
9.720000
9.500000
9.370000
9.630000
9.910000
9.180000
11.850000
10.650000
11.220000
11.030000
9.920000
9.280000
9.180000
9.760000
11.410000
13.710000
12.950000
15.270000
18.450001
14.680000
13.850000
14.040000
14.260000
12.130000
12.530000
7.100000
6.970000
6.710000
6.190000
6.120000
6.510000
6.100000
5.970000
6.160000
6.290000
6.000000
5.920000
5.770000
5.720000
5.690000
5.570000
5.480000
5.890000
6.200000
5.820000
5.670000
5.800000
5.740000
5.780000
5.970000
5.750000
5.620000
5.350000
5.370000
5.440000
5.300000
5.400000
5.470000
5.400000
5.260000
5.100000
4.840000
4.650000
4.730000
4.870000
4.490000
4.270000
4.150000
4.650000
4.390000
4.240000
4.400000
4.290000
4.250000
4.280000
3.810000
3.870000
3.760000
3.490000
3.550000
3.390000
3.370000
3.570000
3.770000
3.820000
3.760000
3.420000
3.540000
3.380000
3.490000
3.520000
3.150000
3.070000
2.930000
2.650000
2.960000
2.770000
2.510000
2.770000
2.500000
2.380000
2.430000
2.220000
2.300000
2.210000
2.260000
2.270000
2.300000
2.490000
2.530000
2.700000
2.610000
2.890000
2.750000
3.010000
3.060000
3.230000
3.250000
3.040000
3.040000
2.770000
2.630000
2.470000
2.440000
2.250000
2.200000
2.210000
2.170000
2.130000
2.140000
2.040000
2.010000
2.060000
2.140000
2.190000
2.040000
2.020000
1.690000
1.790000
2.100000
2.010000
1.980000
1.980000
2.050000
2.070000
2.040000
2.020000
2.000000
2.070000
2.260000
2.100000
2.040000
2.040000
2.110000
2.040000
1.960000
1.950000
1.890000
1.840000
1.880000
1.880000
1.750000
1.840000
1.870000
1.750000
1.750000
1.700000
1.560000
1.660000
1.670000
1.660000
1.740000
1.650000
1.730000
1.630000
1.680000
1.380000
1.460000
1.320000
1.330000
1.430000
1.320000
1.410000
1.430000
1.490000
1.450000
1.420000
1.270000
1.530000
1.500000
1.510000
1.530000
1.600000
1.740000
1.720000
1.900000
1.700000
1.700000
1.580000
1.500000