10.821000
10.736500
10.722500
10.917500
11.133000
11.201500
11.151000
11.028500
11.108000
11.003500
11.280500
11.281000
11.065500
11.417500
11.466000
11.476500
11.353000
11.252500
11.252500
10.975000
10.918500
10.768000
10.919500
10.800500
10.846500
10.873500
11.308500
11.414500
11.300500
11.152000
10.852500
11.000500
11.866000
11.804500
11.665000
11.604500
11.540500
11.748500
11.699500
11.828000
11.719000
11.703000
11.637500
11.622000
11.659500
11.871000
12.077500
12.058500
12.017500
11.972500
12.155000
12.060000
12.287000
12.196000
12.305500
12.356000
12.311000
12.413500
12.394000
12.311000
12.569000
12.957000
12.854500
12.783500
12.781500
13.012000
13.063500
12.900000
12.937500
13.084000
13.040500
12.873500
12.740000
12.623000
12.483500
12.829500
12.716000
12.600500
12.530000
12.796000
13.023500
12.925500
12.953000
12.548000
12.249500
12.211000
12.118000
12.209000
12.197000
12.374500
12.242500
12.000000
11.689000
11.715500
11.424500
11.146000
11.912000
11.644500
11.607000
11.621000
11.716500
11.878000
11.603000
11.367500
11.315500
11.323500
11.330000
11.147500
11.030000
11.261500
11.485500
11.689000
11.901500
11.994000
12.181000
12.170000
12.355500
12.563500
12.602500
12.516500
12.624500
12.698000
12.668500
12.663500
12.388500
12.534500
12.588000
12.562500
12.459500
12.693000
13.020000
12.899500
13.075000
12.846000
12.931000
12.431500
12.415500
12.259000
12.543500
12.865500
12.924000
12.957500
13.423000
13.319000
13.317500
13.267000
13.397000
13.636500
13.595000
13.446500
13.524000
13.606000
13.509500
13.405500
13.673000
14.199500
13.802000
13.017500
13.638000
13.275000
13.250000
12.999000
13.344500
13.111000
13.011500
13.097500
12.860500
12.935000
13.473500
13.462000
13.254500
13.487500
13.320500
13.297000
13.271000
12.993500
12.968000
13.162500
13.213500
13.287000
13.655500
13.779500
13.689500
13.694000
13.709500
13.562000
13.706500
13.755000
13.287000
13.091000
12.894500
12.820500
12.864000
12.669500
12.887500
12.801000
13.015500
13.265000
13.324500
13.080500
13.166000
12.951500
12.954000
12.774000
12.947500
13.057000
13.238500
13.492500
13.643500
13.386000
13.617000
13.370000
12.971000
13.016000
13.177500
13.445000
13.439000
13.735000
12.740500
12.487000
12.690500
12.411500
12.627500
12.902500
12.786000
12.886500
12.934000
13.008000
13.181500
13.225500
13.416500
13.328000
13.206000
13.495000
13.381500
13.443000
13.148000
13.090000
13.087000
13.364500
13.276500
13.341500
13.460000
13.344000
13.285000
13.358500
13.391500
13.843500
14.053500
13.739000
13.583500
13.789500
13.699500
13.903000
14.088000
13.908000
13.672000
13.668000
13.530500
13.604500
13.878500
13.877500
13.884500
14.105000
14.186500
14.201500
14.294000
14.529500
14.576500
14.616500
14.983000
15.377500
15.328500
15.343500
15.434500
15.205500
15.261500
15.174000
15.053000
14.947000
15.170000
15.600500
15.305000
15.120500
15.061000
15.278500
15.210500
15.049500
15.037500
14.845500
14.787000
14.863000
14.834500
14.698500
14.567000
14.323500
14.241000
14.278500
14.354500
14.228500
14.486500
14.500500
14.310500
14.046500
14.079000
14.199000
14.049000
14.440000
14.682000
14.705000
14.793000
14.985500
15.018000
14.982000
14.943000
14.896000
14.803000
15.208500
15.601500
15.603000
15.817000
15.574500
15.706500
15.632500
15.906000
15.800500
15.632000
16.047501
16.025499
15.738000
15.952000
15.501500
15.161500
14.911500
15.258500
15.544500
15.535000
15.320000
15.524500
15.538500
16.446501
16.322001
16.627001
16.337999
16.610500
18.169500
17.908001
18.135000
18.054001
18.201500
17.950001
17.937000
17.944500
17.809000
17.177999
17.515499
17.719000
17.476500
17.811001
18.370001
18.458500
18.309000
18.247000
18.128500
18.445999
18.615499
18.832001
19.068501
19.335501
19.681000
19.615000
19.233000
19.298000
19.224501
19.347500
19.244499
19.389000
19.109501
19.062500
19.212000
19.448500
19.382500
19.798000
19.759501
20.110001
20.146000
19.959999
20.219500
19.903999
19.668501
19.939501
19.898500
19.822001
19.681499
19.901501
20.096001
20.050501
19.882999
19.549000
19.877001
19.793501
19.790001
19.980499
20.352501
20.226999
19.993500
19.379999
19.313999
19.721500
19.209999
20.150499
17.934500
17.307501
17.397499
17.322500
17.729500
18.054001
18.043501
18.089500
17.462500
17.860001
17.867500
17.682501
17.368999
17.490000
17.337999
17.589001
17.916000
17.990000
18.006500
18.105000
17.989000
18.195000
18.618500
18.608000
18.603001
18.526501
18.441000
18.532000
18.575500
18.687000
18.752001
18.938499
18.661501
18.448500
18.031000
17.592501
17.735500
17.170500
16.923500
16.914499
16.818501
17.149500
17.098000
16.681000
16.150000
15.888000
16.353500
16.590500
15.855500
15.586500
15.795500
15.804000
16.184000
16.245501
16.543501
16.466000
16.229000
16.857500
15.191500
14.829000
15.019000
15.206500
15.394500
15.400500
15.502500
14.869000
14.635500
14.416000
14.612000
15.143000
15.232000
14.881000
14.759500
14.885000
14.838000
15.059500
15.250500
15.245500
15.612000
15.541000
15.508000
15.689000
15.627500
15.442000
15.359500
15.339000
16.178499
16.483500
16.375000
16.620501
16.760000
16.295500
16.313499
16.381001
16.281000
16.719000
16.350000
16.209999
16.362000
16.208000
16.372000
16.284500
16.228500
16.239000
16.619499
16.642500
16.874500
16.677500
16.190500
16.498501
16.396000
17.309999
17.766001
17.722000
17.795000
17.622499
17.933001
17.988001
18.042000
17.907000
17.930500
16.200500
16.020500
16.000000
16.125500
15.649500
15.353000
15.682500
15.616000
15.694500
15.572500
15.840000
15.916500
15.966000
16.313999
16.660500
16.681499
16.726500
16.756500
16.789000
16.645500
16.579500
16.701000
17.091499
17.159000
17.000999
16.952000
17.118999
16.950001
17.297501
17.319000
17.117001
16.487499
16.566500
16.525999
16.559500
16.194500
16.388000
16.200001
16.250000
16.566000
16.225000
16.181499
16.410500
16.096500
16.160500
16.091000
16.122000
15.873000
15.920500
16.136999
16.110001
15.849000
16.135000
15.768500
15.569500
15.322500
15.415500
15.298500
15.143000
15.182000
15.310500
15.766500
15.648500
15.659000
14.353000
14.498500
14.779500
14.706000
14.953500
15.273000
15.286000
15.140500
14.826000
14.832000
14.993000
15.255500
15.600500
15.575500
15.824000
16.391001
16.152500
16.246500
16.327000
16.527000
16.631500
16.782000
16.752001
16.678499
16.931999
16.299999
16.315500
15.825000
15.846500
15.631500
15.332000
15.625000
15.292000
15.368000
15.366000
15.303500
14.753000
14.944000
14.886500
14.995000
15.327000
15.314500
15.151500
15.454500
15.602000
15.515000
15.517500
15.426000
15.109500
14.764500
14.921000
15.023000
14.846500
14.570500
14.737000
14.663500
14.347500
14.537000
14.472000
14.862500
15.516000
15.619500
15.483000
15.337500
15.195500
15.589000
17.726500
18.223499
18.177500
18.237499
18.694500
18.714001
18.528000
18.650000
18.757000
18.858500
19.091499
18.771500
18.668501
18.950001
19.183001
19.007000
18.929501
19.268499
19.240000
19.007999
19.283001
19.230499
19.136000
19.391500
19.004499
18.927999
18.475500
18.318501
18.712000
18.528999
18.667500
18.596001
18.757000
18.662001
18.924500
18.755501
18.704500
18.548000
18.367500
18.528000
18.729500
18.605000
18.513000
18.612499
18.851999
18.720501
19.059999
19.177000
19.132500
19.118000
19.255501
19.172501
19.302000
18.778000
19.475500
19.559000
19.490000
19.499500
22.254999
21.927999
21.465500
21.468500
21.089001
21.143499
21.152000
21.059500
20.955000
21.344000
21.684500
21.642500
21.551001
21.343500
21.614000
21.299999
21.261999
21.085501
21.193001
21.581499
21.381500
21.273500
21.570999
21.328501
21.461500
21.546000
21.549500
21.829500
21.539000
21.347500
21.174999
21.274000
21.538500
21.648500
21.496000
21.183500
21.363001
21.390499
21.969500
21.746000
21.814501
22.299500
22.042000
22.004999
21.905001
21.493000
21.704500
21.869499
21.885500
21.802000
21.836000
21.485001
21.719500
22.175501
22.778500
23.278500
23.059500
23.774000
24.150499
24.405001
24.400000
24.413500
24.108999
26.471001
26.570499
26.301500
26.450001
26.837999
26.807501
26.751499
26.594999
26.850500
26.473000
26.131001
26.200001
26.372999
26.295500
26.483000
26.576000
26.761000
26.750999
26.646000
25.789000
24.723499
23.168501
23.318501
25.038500
25.918501
25.900499
25.644501
24.827000
25.527500
25.236000
24.950001
25.877001
25.844500
26.112000
26.472000
26.069000
26.118500
26.369499
26.943501
27.013000
27.419500
26.920000
26.803499
26.687500
26.212500
25.202999
24.803499
25.594500
26.035999
26.627001
27.184000
26.874001
27.097000
26.658001
26.990000
27.509501
27.445000
27.241501
28.122000
28.538000
28.657499
28.044001
27.788500
28.195499
29.951500
30.430500
30.550501
30.855000
31.327499
31.295000
31.417500
31.265499
32.047501
32.782501
32.968498
32.774502
32.984001
33.662498
33.279999
32.117500
32.390499
32.165001
33.176998
33.063499
33.422501
33.949501
33.557499
33.766998
33.662998
33.240002
33.952999
33.800499
33.312500
33.632000
33.491501
33.866501
33.239498
33.116001
32.007500
32.895500
32.931999
33.788502
33.532501
33.207001
33.225498
33.157501
33.185001
33.139500
33.759998
34.698502
34.453499
33.794498
31.849501
31.689501
31.632500
30.396999
30.352501
30.886999
30.894501
29.090500
29.650000
28.509001
28.724001
28.588499
28.750999
29.819000
29.826500
30.062500
29.167500
31.767500
29.350000
28.740499
27.605000
26.553499
26.813000
25.106501
24.405001
24.103500
24.524000
25.191000
25.354000
26.055000
26.705000
26.250000
26.745001
27.975000
27.646999
27.702000
27.757500
27.761499
27.625999
28.952000
29.010500
28.874500
28.757000
28.139999
28.013000
27.973499
27.946501
28.480499
28.668501
28.851000
28.713499
27.972000
27.604000
27.698999
28.024000
28.481501
29.147499
28.993500
29.693001
29.934500
29.681999
29.924999
29.659500
29.306999
30.104000
29.571501
29.730000
29.796499
30.158501
30.740999
31.037500
31.294500
31.767500
31.395000
31.649500
31.549999
31.025000
31.309999
30.844000
30.328501
30.100000
32.979500
34.192501
33.566002
33.544998
32.954498
33.697498
33.987499
35.153500
35.661499
35.896500
35.495998
35.533001
34.763500
34.872501
34.925999
35.139999
34.837502
35.209999
35.417500
35.745499
35.612000
36.139500
35.972000
36.411999
36.277000
36.336498
36.187000
36.332001
36.382500
35.895500
35.762001
35.965000
35.713001
35.875500
35.319500
35.700500
35.791000
35.529999
36.104000
34.948002
34.568001
35.397499
35.779999
35.780998
36.284000
36.404999
36.880501
36.828499
37.290501
37.688999
37.410500
37.131500
37.060001
36.771999
36.803501
36.997501
37.285999
37.221500
37.243000
36.980499
36.779499
36.833500
37.630501
37.940498
38.387001
38.028999
37.731998
38.038502
38.299000
38.327999
38.415501
38.428001
38.562000
38.627998
38.424500
38.202000
38.231499
38.223000
37.865501
37.973999
38.122501
37.862499
37.960999
38.450001
38.564499
38.379002
38.458000
38.530998
38.622002
39.443501
39.223999
39.202999
38.007000
38.574501
38.050499
38.054501
38.484501
38.925999
38.755001
39.011002
39.487000
40.235001
40.287498
39.958000
40.805500
41.436001
41.452499
41.865501
41.837002
41.701500
42.217999
42.083000
41.971500
42.085499
41.549999
41.704498
41.464001
41.147999
40.647499
40.882500
40.884499
40.515999
40.949501
41.904499
41.758999
41.129501
40.917999
38.816002
39.491001
39.270500
38.278000
38.351501
37.752499
39.246498
39.387501
38.594002
37.118999
36.950500
35.953499
37.161999
37.324501
37.820000
38.007999
39.000000
39.266499
39.006001
39.018501
38.338501
38.125999
37.528500
37.182499
37.016998
37.967999
38.236000
38.521000
38.366501
38.432999
38.006001
38.716999
38.441002
38.049999
37.888500
38.299999
38.561001
38.529999
38.317001
38.029499
38.570000
38.606499
38.257500
37.493500
37.683498
37.859001
39.022499
39.799500
39.846001
39.794998
39.951000
40.681999
40.856998
40.486000
40.374001
40.452000
40.416500
40.894001
41.122002
41.826000
41.957500
41.788502
41.519001
41.174000
41.617500
41.997501
40.509998
40.382000
40.625000
40.985500
41.068001
41.373001
41.826500
41.819500
42.134998
42.207001
42.253502
42.821999
42.780499
42.609501
42.262001
42.431999
42.251999
42.653999
42.445499
42.493999
42.330502
42.300999
42.525002
42.650002
42.623001
42.729500
42.626499
42.648499
42.671001
42.615501
42.848499
42.160000
42.403000
42.368999
42.280499
42.341000
42.799999
43.716000
43.817001
44.327000
44.575500
45.341499
45.464001
44.914001
44.743999
45.352001
45.118000
44.811501
44.233501
45.099499
45.188999
44.959999
45.103001
44.926498
45.370499
45.381001
45.464500
45.918999
46.249500
47.411499
47.347000
47.051498
46.876499
46.707500
47.452000
47.640999
47.447498
47.381001
48.067501
47.898499
48.303501
47.237999
47.924500
47.992001
48.533501
48.577000
49.017502
49.668999
49.789001
49.834999
49.730999
49.797501
50.336498
50.567001
50.150002
50.503502
50.513500
48.915501
48.245499
49.039501
48.823502
48.208500
49.385502
49.758499
49.629501
50.111500
50.064999
50.187000
49.699001
48.839001
49.516499
48.796501
48.400002
47.682999
48.570000
48.257000
48.938000
49.823502
49.706501
50.325500
50.031502
50.090500
50.501999
51.222500
51.343498
51.435001
51.283501
51.947498
51.993500
52.639999
52.299999
51.001999
49.389000
49.809502
49.794498
49.346001
49.379002
49.613499
49.492001
49.100498
47.846001
48.399502
49.165001
49.137001
48.909000
48.028500
47.923500
47.664501
48.345001
47.900002
47.622501
47.263000
47.300999
47.702999
48.379501
49.029999
48.912498
48.263500
48.389999
48.973499
48.294998
48.897999
49.129002
49.980000
49.610500
49.339500
48.709499
48.493000
48.660500
48.232498
47.755001
46.989498
46.930000
47.543499
47.820000
48.067501
47.959499
47.855000
48.272499
49.042500
49.479000
49.549500
49.360001
49.750000
50.046501
50.146999
50.317001
50.456501
49.849998
49.330502
49.145500
48.314999
48.794998
48.645500
48.621498
55.047501
55.542500
55.264000
55.183998
54.710999
55.580002
56.033001
56.158501
56.644001
56.456501
56.267502
56.458500
56.841999
56.334499
56.864498
56.493999
56.315498
56.974499
57.807999
59.299999
59.791500
59.680000
58.063499
58.837502
58.117500
56.697498
57.078499
57.617500
57.989498
58.099998
58.445999
58.254002
58.206501
58.713001
58.957001
59.528999
59.368999
58.881001
58.737999
58.417999
58.838001
59.112999
59.305000
58.473499
59.450500
60.209999
60.479500
61.457001
62.343498
62.634998
62.716499
63.834000
65.260002
65.242996
64.750000
64.666000
64.728996
66.365501
68.126999
67.875504
68.897499
70.102501
70.884003
71.890999
72.544502
69.500000
71.497498
69.500000
72.141998
70.838997
67.525002
66.980003
69.311501
70.725502
72.552498
73.087997
72.434502
73.417503
74.146004
74.266998
75.000000
76.097504
75.598999
75.622498
74.672501
75.012497
76.180496
76.882004
77.250000
77.593002
78.944504
79.919502
79.408997
79.550003
79.115997
78.584000
77.246498
79.325500
79.093002
77.246002
74.778000
77.792999
74.852501
71.570999
72.366997
68.599503
69.602501
70.528503
72.587502
70.261497
70.304001
71.810997
71.352501
72.425003
71.539497
72.074997
75.191498
76.391998
77.845497
76.374496
75.892998
73.004501
73.008499
75.898003
78.630997
78.306503
79.112999
78.484001
78.603996
79.047501
80.007004
79.619499
80.400002
80.454002
80.145500
80.077003
78.806000
79.363998
79.087997
78.718498
79.273003
79.070000
80.093002
80.153503
80.507500
80.643501
81.244499
81.481003
82.077003
83.263496
84.817497
84.787498
84.464996
84.199501
84.456001
84.937500
85.242996
86.193001
85.798500
86.189499
86.738998
87.503998
86.511002
85.783501
83.157501
84.554497
83.025497
85.072502
84.989998
85.689003
84.697998
84.986504
85.531502
86.950996
87.153503
87.750000
89.831001
90.651497
91.124496
92.196503
92.146004
90.648499
90.684998
90.099998
91.461998
93.180496
90.400002
90.863503
88.960999
88.872002
89.858498
91.716499
91.164497
92.387497
93.124001
94.325996
94.926003
94.315002
94.809998
95.982498
94.130997
94.325996
94.111000
93.835503
94.170998
95.245003
95.144997
95.269501
96.384003
96.640999
99.904999
100.119003
100.635498
101.975502
99.740997
97.915497
97.603500
96.950500
99.357498
99.500000
99.493500
98.509499
95.401497
97.052498
96.320999
97.214996
95.750504
96.718002
98.727501
98.742500
100.649002
100.150002
100.218002
98.565498
97.638000
95.471001
94.482498
93.221001
93.515999
87.762497
85.968002
89.430496
88.047501
90.998001
91.586502
88.536003
88.201500
89.464996
88.434998
83.209999
89.108498
82.140503
76.944000
76.521004
79.900497
83.276497
83.276497
81.389999
82.140503
87.774498
87.745499
85.621498
81.842499
81.558502
79.950500
80.972000
79.670502
75.614502
74.773003
75.836502
75.102997
79.066498
79.070999
83.887497
83.678497
84.508499
88.617996
83.419998
84.959503
81.456497
82.051498
82.162003
83.177002
82.918999
79.595497
76.045502
77.573997
74.753998
73.041496
68.872498
67.197998
73.544998
73.082001
73.901001
75.098503
76.956497
75.014000
78.769501
81.475502
82.829002
82.971001
82.810997
82.028000
80.860497
83.727997
84.189003
84.661003
84.809998
81.608498
82.000999
82.746498
83.528503
81.894501
79.694000
83.521500
85.936501
81.311501
81.665497
82.940498
82.013000
80.718498
79.411003
79.550003
81.900497
82.000000
81.132500
80.397499
81.378998
81.105003
80.972000
81.578003
81.650002
81.820000
82.054497
81.991501
83.586502
84.808502
84.621498
83.447502
81.297501
81.040001
83.530998
83.654999
84.540497
84.310997
85.617996
87.107498
88.092499
89.863503
90.962997
88.238503
88.712997
89.188004
88.285004
88.670998
89.037498
90.709503
90.698997
91.035004
90.943001
91.863998
92.492996
91.792000
92.366501
92.203499
92.153000
92.243500
93.152000
93.240997
93.084503
94.365501
96.188499
95.087502
95.112503
97.531502
96.921501
96.325996
95.575996
95.041000
98.123001
97.527496
96.050003
95.888496
94.993500
94.499001
91.134003
92.005997
93.557503
95.378502
93.449997
92.948502
92.875999
92.984001
90.774002
91.164001
91.821503
90.959503
90.816002
88.753502
84.634499
86.477997
86.925003
87.718002
90.201500
93.031502
93.184998
92.765999
93.514999
93.483498
94.301498
95.068497
95.439499
95.909500
95.565002
95.695000
93.913498
94.891502
95.213997
94.681503
96.109497
96.715500
96.949997
97.145500
97.615997
99.415001
100.870499
100.053497
100.550003
101.049500
100.495003
99.601501
98.894997
98.225998
99.281502
99.724503
100.040497
98.691002
97.152496
95.622498
94.926498
93.338997
92.765999
91.162003
88.256500
89.391502
89.669998
91.644501
90.378998
89.246002
91.217003
88.148003
88.806000
89.628502
90.806000
90.069000
91.177002
90.233002
87.481003
88.443497
88.091499
88.212502
89.320000
88.814499
89.491997
90.030998
92.036003
91.675499
91.567497
91.027496
91.149498
92.177498
91.967003
90.391998
91.127502
90.873001
91.074997
89.708000
89.264999
87.080498
88.416496
86.991997
86.272499
86.795502
86.782501
85.661499
86.221001
86.982498
86.633003
85.275497
86.099503
86.013000
86.596001
86.821503
88.369003
88.871498
89.374001
87.875504
89.282997
88.286499
88.108498
89.039001
88.066498
88.853996
88.135498
88.999496
88.833000
89.571999
90.233002
90.085503
89.788498
89.410004
89.293999
88.582497
88.900002
87.655502
87.730003
86.974503
87.626503
87.639503
87.276497
86.735497
87.286003
88.692001
89.847000
90.925499
90.040001
89.080002
88.498001
88.034500
87.024002
87.580002
87.475502
86.960503
87.435997
88.016502
88.046997
88.460503
89.532997
89.201500
89.613998
89.324997
89.650002
89.460503
93.438499
93.489998
92.344498
92.391998
94.900497
93.748497
95.143997
95.343002
94.598503
95.052498
94.157997
94.565002
93.472000
93.100998
93.897003
93.236000
94.599998
94.373001
94.228996
93.082001
91.417000
92.662498
92.900002
93.533997
100.435997
100.209999
102.483498
101.993500
102.511497
103.963997
106.695503
107.540001
108.000000
107.493500
106.743500
107.783501
108.511002
107.654999
104.798500
100.464500
98.637001
98.979500
94.214996
94.187500
97.697502
95.449501
98.791496
96.201500
95.054497
90.030502
94.591003
91.042999
83.830498
89.250000
84.457497
90.391998
91.500000
94.046501
92.304497
95.141502
97.004997
94.292000
97.774498
95.004997
98.197502
97.486000
95.385002
95.941498
95.329498
99.879501
100.580002
102.150002
102.138000
108.443497
114.166000
115.384003
120.409500
118.750000
119.680496
116.405998
118.174500
119.972504
120.511002
118.800003
115.704002
118.635498
123.699997
114.302002
115.799500
115.889999
117.563004
118.380501
118.980499
120.449997
117.847504
118.396004
119.442497
120.488998
121.313004
122.466499
124.897003
122.336998
121.844002
121.093002
120.519501
120.055000
122.118500
123.552002
123.620499
123.919998
123.029999
124.150002
126.203003
130.042999
132.372498
127.898003
127.250999
128.634003
130.763504
132.048996
132.699005
133.750504
135.690994
138.220505
136.720001
137.729004
134.643494
134.018997
137.940994
143.934998
144.514999
152.852005
150.005997
154.055496
159.131500
160.000000
155.199997
154.199997
150.443497
149.994995
148.098495
159.841995
156.914505
154.995499
149.327499
150.445496
152.760498
150.016495
151.676498
152.593994
158.233994
155.594498
156.941498
160.251495
161.250000
158.373001
157.408005
154.033493
158.112000
158.050995
157.401001
159.120499
165.624496
163.024002
164.868500
164.235992
165.373001
167.324493
172.092499
170.000000
170.089996
172.548004
174.955994
176.572495
168.399994
164.731003
157.492004
163.430496
158.755493
155.811005
155.148499
157.806503
153.904999
150.436493
147.745499
148.023499
156.449493
149.992996
150.989502
154.756500
158.702499
157.244003
157.436493
161.063004
156.250000
159.960007
154.998001
159.784500
159.527496
164.332504
172.146500
172.181503
168.185501
166.932495
163.635498
160.360504
160.850494
159.246994
158.820007
160.220001
160.352005
164.316498
158.139008
160.550507
151.807495
150.223999
152.420502
162.057999
166.100006
165.568497
157.186996
151.751007
156.869507
155.514008
156.440506
156.552994
156.783005
155.272995
155.850998
154.970001
154.919495
155.903000
159.253494
159.766998
158.401993
161.003998
160.176498
159.336502
158.128998
157.899994
158.864502
155.210007
155.074493
155.820999
157.848495
158.255997
162.048004
161.804001
160.082504
160.309006
160.326004
159.263504
158.634506
164.197998
166.100006
164.292496
162.846497
159.331497
160.925507
156.919006
158.108002
159.134995
155.710495
156.041504
158.294495
156.373505
155.212494
156.037994
163.169006
165.349503
164.611496
164.699997
166.306503
161.628998
161.880997
160.309998
167.143997
169.000000
165.626495
166.550003
167.607498
166.147003
165.250000
164.328995
163.106506
163.885498
163.447495
165.432007
166.411499
162.494995
159.037003
159.725006
157.976501
152.858002
154.646500
157.307007
154.726501
150.250000
148.878494
150.022995
147.597504
153.142502
152.882004
155.679504
154.474503
154.084000
154.593002
156.786499
151.399506
153.748001
155.543503
156.875000
154.353500
152.313004
152.601501
153.786499
152.764496
154.703995
158.050003
161.336502
161.190994
163.969498
164.964996
168.610001
168.969498
170.000000
166.649994
168.954498
169.972000
168.600494
166.734497
168.100998
165.451996
167.044006
170.449997
170.871506
172.925003
173.565506
173.371002
169.324493
165.593506
163.526993
165.318497
164.580505
159.524506
161.195496
157.597000
158.073502
161.145004
163.519501
161.613998
161.589996
162.384003
160.154007
162.249496
162.952499
163.257996
161.505493
161.153503
160.932495
161.699493
159.350494
160.311005
159.900497
163.205505
164.057495
167.482498
167.341507
169.193497
169.156494
170.762497
174.462006
174.345001
172.697998
175.272003
175.190994
172.453995
170.072998
172.194504
172.406998
172.007996
171.648499
175.548996
183.787003
184.828995
186.570496
185.966995
185.927505
183.867996
184.084000
181.559998
178.681503
177.479507
178.659500
179.259995
181.901505
182.832001
184.990997
181.319504
181.516006
179.996002
166.379501
166.574005
168.311996
167.735992
168.799500
167.246994
167.093506
166.033997
164.605499
165.175003
164.698502
164.949493
162.098007
160.061005
159.387497
159.997498
163.293503
165.289001
164.959000
165.800003
167.481506
171.078506
173.539505
173.949997
173.156006
173.902496
175.464493
176.274994
174.207993
173.457504
172.858505
172.500000
173.789505
174.412003
173.126007
167.786499
167.181503
169.002502
170.800003
171.276001
170.289993
165.798004
165.056000
164.251999
164.162994
159.488998
161.050003
163.100494
165.121506
164.431000
162.315002
162.366501
164.214005
164.992996
170.451004
172.337006
172.207504
170.753006
171.750504
166.777496
166.018494
168.803497
169.624496
172.328506
168.621506
165.905502
165.637497
169.199997
173.850006
175.949493
174.449005
178.811493
174.102493
173.625000
176.257507
177.283997
177.035004
177.449997
184.802994
183.828506
178.628494
179.001999
179.020493
175.227997
178.078506
175.353500
172.186005
171.867996
169.489502
171.368500
176.164505
176.158005
174.171005
172.212006
169.567505
169.091507
173.315002
168.871002
170.017502
167.078995
170.417007
171.037003
171.068497
169.669495
170.660995
169.201004
168.644501
166.716995
170.404495
167.522003
164.356995
163.253998
162.554001
161.485992
165.362000
165.207001
161.214005
162.138000
158.917496
156.298996
151.667496
142.643005
144.544006
139.985992
138.872498
139.637497
143.977997
149.573502
151.193497
150.612503
138.845505
157.639496
157.935501
161.413498
161.189499
159.003494
153.293503
155.167007
156.510498
158.100494
154.652496
152.601501
150.197495
144.826996
151.358002
153.788498
153.563004
151.141998
152.052505
147.898499
145.641006
137.453003
136.014496
139.279007
146.817505
145.524506
141.852997
147.366501
153.104004
157.238998
161.250504
161.491501
164.889008
163.408005
163.649506
164.773499
168.990494
169.315002
166.300995
162.997498
163.559998
168.346497
164.054993
158.755997
157.784500
154.460495
151.121994
150.787506
155.541000
151.706497
152.785004
158.115494
153.998001
148.296005
144.350006
146.074005
139.391006
138.167007
144.596497
124.281502
124.500000
124.253502
125.928497
116.406998
114.772499
108.789001
108.859001
105.372002
106.930496
113.055000
110.810501
115.368500
107.112503
107.319000
107.591003
107.556999
104.099998
106.775002
111.077499
115.146500
120.209503
121.683998
125.511002
122.349998
124.790001
123.000000
121.180000
116.150002
109.650002
103.669998